5.938212e+00 -3.610000e+00 9.025000e-01 -4.011111e-01 2.256250e-01 -1.444000e-01 1.002778e-01 -7.367347e-02 5.640625e-02 -4.456790e-02 3.610000e-02 -2.983471e-02 2.506944e-02 -2.136095e-02 1.841837e-02 -1.604444e-02 1.410156e-02 -1.249135e-02 1.114198e-02 -1.000000e-02 
-3.610000e+00 5.938212e+00 -3.610000e+00 9.025000e-01 -4.011111e-01 2.256250e-01 -1.444000e-01 1.002778e-01 -7.367347e-02 5.640625e-02 -4.456790e-02 3.610000e-02 -2.983471e-02 2.506944e-02 -2.136095e-02 1.841837e-02 -1.604444e-02 1.410156e-02 -1.249135e-02 1.114198e-02 
9.025000e-01 -3.610000e+00 5.938212e+00 -3.610000e+00 9.025000e-01 -4.011111e-01 2.256250e-01 -1.444000e-01 1.002778e-01 -7.367347e-02 5.640625e-02 -4.456790e-02 3.610000e-02 -2.983471e-02 2.506944e-02 -2.136095e-02 1.841837e-02 -1.604444e-02 1.410156e-02 -1.249135e-02 
-4.011111e-01 9.025000e-01 -3.610000e+00 5.938212e+00 -3.610000e+00 9.025000e-01 -4.011111e-01 2.256250e-01 -1.444000e-01 1.002778e-01 -7.367347e-02 5.640625e-02 -4.456790e-02 3.610000e-02 -2.983471e-02 2.506944e-02 -2.136095e-02 1.841837e-02 -1.604444e-02 1.410156e-02 
2.256250e-01 -4.011111e-01 9.025000e-01 -3.610000e+00 5.938212e+00 -3.610000e+00 9.025000e-01 -4.011111e-01 2.256250e-01 -1.444000e-01 1.002778e-01 -7.367347e-02 5.640625e-02 -4.456790e-02 3.610000e-02 -2.983471e-02 2.506944e-02 -2.136095e-02 1.841837e-02 -1.604444e-02 
-1.444000e-01 2.256250e-01 -4.011111e-01 9.025000e-01 -3.610000e+00 5.938212e+00 -3.610000e+00 9.025000e-01 -4.011111e-01 2.256250e-01 -1.444000e-01 1.002778e-01 -7.367347e-02 5.640625e-02 -4.456790e-02 3.610000e-02 -2.983471e-02 2.506944e-02 -2.136095e-02 1.841837e-02 
1.002778e-01 -1.444000e-01 2.256250e-01 -4.011111e-01 9.025000e-01 -3.610000e+00 5.938212e+00 -3.610000e+00 9.025000e-01 -4.011111e-01 2.256250e-01 -1.444000e-01 1.002778e-01 -7.367347e-02 5.640625e-02 -4.456790e-02 3.610000e-02 -2.983471e-02 2.506944e-02 -2.136095e-02 
-7.367347e-02 1.002778e-01 -1.444000e-01 2.256250e-01 -4.011111e-01 9.025000e-01 -3.610000e+00 5.938212e+00 -3.610000e+00 9.025000e-01 -4.011111e-01 2.256250e-01 -1.444000e-01 1.002778e-01 -7.367347e-02 5.640625e-02 -4.456790e-02 3.610000e-02 -2.983471e-02 2.506944e-02 
5.640625e-02 -7.367347e-02 1.002778e-01 -1.444000e-01 2.256250e-01 -4.011111e-01 9.025000e-01 -3.610000e+00 5.938212e+00 -3.610000e+00 9.025000e-01 -4.011111e-01 2.256250e-01 -1.444000e-01 1.002778e-01 -7.367347e-02 5.640625e-02 -4.456790e-02 3.610000e-02 -2.983471e-02 
-4.456790e-02 5.640625e-02 -7.367347e-02 1.002778e-01 -1.444000e-01 2.256250e-01 -4.011111e-01 9.025000e-01 -3.610000e+00 5.938212e+00 -3.610000e+00 9.025000e-01 -4.011111e-01 2.256250e-01 -1.444000e-01 1.002778e-01 -7.367347e-02 5.640625e-02 -4.456790e-02 3.610000e-02 
3.610000e-02 -4.456790e-02 5.640625e-02 -7.367347e-02 1.002778e-01 -1.444000e-01 2.256250e-01 -4.011111e-01 9.025000e-01 -3.610000e+00 5.938212e+00 -3.610000e+00 9.025000e-01 -4.011111e-01 2.256250e-01 -1.444000e-01 1.002778e-01 -7.367347e-02 5.640625e-02 -4.456790e-02 
-2.983471e-02 3.610000e-02 -4.456790e-02 5.640625e-02 -7.367347e-02 1.002778e-01 -1.444000e-01 2.256250e-01 -4.011111e-01 9.025000e-01 -3.610000e+00 5.938212e+00 -3.610000e+00 9.025000e-01 -4.011111e-01 2.256250e-01 -1.444000e-01 1.002778e-01 -7.367347e-02 5.640625e-02 
2.506944e-02 -2.983471e-02 3.610000e-02 -4.456790e-02 5.640625e-02 -7.367347e-02 1.002778e-01 -1.444000e-01 2.256250e-01 -4.011111e-01 9.025000e-01 -3.610000e+00 5.938212e+00 -3.610000e+00 9.025000e-01 -4.011111e-01 2.256250e-01 -1.444000e-01 1.002778e-01 -7.367347e-02 
-2.136095e-02 2.506944e-02 -2.983471e-02 3.610000e-02 -4.456790e-02 5.640625e-02 -7.367347e-02 1.002778e-01 -1.444000e-01 2.256250e-01 -4.011111e-01 9.025000e-01 -3.610000e+00 5.938212e+00 -3.610000e+00 9.025000e-01 -4.011111e-01 2.256250e-01 -1.444000e-01 1.002778e-01 
1.841837e-02 -2.136095e-02 2.506944e-02 -2.983471e-02 3.610000e-02 -4.456790e-02 5.640625e-02 -7.367347e-02 1.002778e-01 -1.444000e-01 2.256250e-01 -4.011111e-01 9.025000e-01 -3.610000e+00 5.938212e+00 -3.610000e+00 9.025000e-01 -4.011111e-01 2.256250e-01 -1.444000e-01 
-1.604444e-02 1.841837e-02 -2.136095e-02 2.506944e-02 -2.983471e-02 3.610000e-02 -4.456790e-02 5.640625e-02 -7.367347e-02 1.002778e-01 -1.444000e-01 2.256250e-01 -4.011111e-01 9.025000e-01 -3.610000e+00 5.938212e+00 -3.610000e+00 9.025000e-01 -4.011111e-01 2.256250e-01 
1.410156e-02 -1.604444e-02 1.841837e-02 -2.136095e-02 2.506944e-02 -2.983471e-02 3.610000e-02 -4.456790e-02 5.640625e-02 -7.367347e-02 1.002778e-01 -1.444000e-01 2.256250e-01 -4.011111e-01 9.025000e-01 -3.610000e+00 5.938212e+00 -3.610000e+00 9.025000e-01 -4.011111e-01 
-1.249135e-02 1.410156e-02 -1.604444e-02 1.841837e-02 -2.136095e-02 2.506944e-02 -2.983471e-02 3.610000e-02 -4.456790e-02 5.640625e-02 -7.367347e-02 1.002778e-01 -1.444000e-01 2.256250e-01 -4.011111e-01 9.025000e-01 -3.610000e+00 5.938212e+00 -3.610000e+00 9.025000e-01 
1.114198e-02 -1.249135e-02 1.410156e-02 -1.604444e-02 1.841837e-02 -2.136095e-02 2.506944e-02 -2.983471e-02 3.610000e-02 -4.456790e-02 5.640625e-02 -7.367347e-02 1.002778e-01 -1.444000e-01 2.256250e-01 -4.011111e-01 9.025000e-01 -3.610000e+00 5.938212e+00 -3.610000e+00 
-1.000000e-02 1.114198e-02 -1.249135e-02 1.410156e-02 -1.604444e-02 1.841837e-02 -2.136095e-02 2.506944e-02 -2.983471e-02 3.610000e-02 -4.456790e-02 5.640625e-02 -7.367347e-02 1.002778e-01 -1.444000e-01 2.256250e-01 -4.011111e-01 9.025000e-01 -3.610000e+00 5.938212e+00 
